00 00 00 00 13 13 13 17 00 00 12 12 14
13 13 13 13 13 13 17 17 17 17 12 12 14
13 13 17 17 17 17 17 17 03 17 12 14 14
13 13 17 17 16 16 16 17 03 03 12 14 14
06 06 17 17 16 16 16 04 12 12 12 14 00
06 06 06 05 16 04 04 04 12 12 12 14 00
06 05 05 05 16 07 07 07 07 14 14 14 00
09 09 05 16 16 07 07 02 10 14 14 14 00
09 09 09 16 16 16 07 02 10 10 11 11 08
09 15 15 16 10 10 10 10 10 10 11 11 08
09 15 15 16 16 10 11 11 11 11 11 11 08
09 15 15 15 15 15 15 11 15 01 08 08 08
09 00 00 00 00 15 15 15 15 00 00 08 08

Product of empty regions
= 4 x 4 x 4 x 2 x 2
= 256